0.2430695 -0.5068162 -0.4884419 0.7809524 -0.4343767
-0.2352672 1.012518 0.6994257 0.4400631 1.264289
-0.1820321 -0.5163743 0.1342411 -0.4889447 -0.02630587
-1.130257 -1.154635 -1.027419 -0.6740081 -0.2585829
-0.9847859 -0.2248166 -0.2486489 0.9441796 -0.2000621
-0.7795654 0.7607624 1.192346 -0.4610186 0.463642
0.3731859 -0.6682382 0.09864161 0.3437898 0.3933726
-0.8297336 0.3965075 -0.0510527 0.2461047 -1.0982
-0.3174358 -0.7949494 0.4810708 -0.4156127 -0.5486812
-0.8831007 -0.7005841 -0.5089857 -0.559159 0.1607265
-0.6630725 -0.9785935 -0.1707486 -0.8324676 0.7866193
0.365292 -0.6954497 0.06936704 -0.883732 -1.084093
-0.6208136 -1.600603 -0.8717013 -1.477883 -1.559002
-0.8415977 -0.02749374 -0.5419671 0.06899807 -0.08295985
-0.2861221 -0.4821723 -0.5195157 -0.3880891 -0.03963819
-0.2313518 -0.4634795 -0.1995182 -0.1698274 -0.1909617
-0.2297827 -0.7409137 -0.1396307 0.1480005 -0.3494735
-0.2708231 0.3096936 -0.5521066 0.8785506 0.2890589
-0.3561423 -0.4100361 -0.8139366 0.4049597 0.6004982
-0.6370975 -0.4673392 -0.114111 -0.1648564 0.3473463
-1.248469 -1.687787 -1.065302 0.09381302 -0.3584657
-0.6212384 -0.3870566 -0.533756 -0.2066853 -0.1261265
-0.6774201 -0.7085766 -0.3205879 -1.269418 -0.2283459
-0.01300838 0.1850586 0.4138321 -0.6209628 -0.218628
-0.144576 0.1128748 -0.9903026 -0.5651339 -0.36656
-0.2537413 -0.08993596 -0.9315185 -0.1386181 -0.1373266
-0.7057294 -0.3547985 -1.393904 0.008234436 -0.5521768
-0.5933415 -0.478614 -0.3651046 -0.7117641 -0.8531113
-1.10605 -0.5156425 -0.7155166 -0.9569738 -1.389391
0.327307 -1.171426 -0.4696496 -1.15731 -1.400625
-0.4324556 -1.392465 -1.402806 -1.169171 -0.9090446
-1.703234 -0.6971477 -1.065104 -1.924301 -1.720729
-1.804016 -1.11006 -1.280238 -1.590074 -0.5973516
-0.7364881 -1.783007 -0.2783097 -1.594535 -1.610897
-1.777825 -1.430277 -1.224746 -1.695027 -0.3934356
-0.9636208 -2.079279 -2.138569 -1.037776 -1.243234
-1.646049 -0.7336198 -0.5772724 -0.7920878 -1.346016
-1.835311 -2.031324 -1.578894 -0.9400837 -1.026326
-1.665945 -0.9480924 -1.855225 -2.577461 -1.491877
-1.3326 -1.297784 -0.851746 -2.070102 -1.547711
-1.877627 -1.546756 -0.8094038 -1.301188 -1.294068
-2.170251 -2.208327 -2.393196 -1.073223 -1.949944
-1.211139 -1.682438 -2.312441 -1.039663 -0.6508556
-2.284597 -2.044278 -2.394331 -2.005569 -2.078345
-2.648287 -1.812464 -2.86951 -2.608365 -2.79532
-1.370813 -3.348846 -2.535731 -1.996799 -2.391247
-2.314342 -1.696005 -1.798576 -1.529691 -1.232868
-0.9771432 -1.547239 -1.224785 -1.152174 -1.664325
-1.492596 -1.662457 -1.469294 -0.7805114 -1.47888
-1.51145 -1.22376 -1.060106 -1.25316 -0.6207697
-1.478816 -1.888497 -1.234839 -1.823468 -1.14979
-1.174366 -2.425703 -2.174075 -1.924522 -2.597165
-2.503375 -1.96203 -1.546176 -1.527426 -1.267653
-2.089431 -1.176177 -1.706181 -1.584023 -1.375879
-1.836364 -1.972965 -2.264327 -1.280782 -1.612705
-2.076499 -1.688799 -1.80767 -1.393581 -2.507562
-2.466814 -2.454497 -1.71903 -3.884488 -3.218472
-3.29521 -1.895045 -1.583684 -2.492655 -2.778796
-2.688101 -1.463842 -2.753019 -2.06345 -1.949525
-3.731131 -2.313207 -1.87783 -2.372978 -1.028123
-2.091401 -1.331415 -2.080503 -1.834119 -1.981693
-1.96347 -2.147794 -2.346621 -1.627024 -2.757704
-2.664353 -1.740227 -1.921355 -2.496906 -1.086598
-2.039356 -2.247984 -2.07802 -2.252794 -2.135748
-2.299048 -0.5954919 -2.147311 -1.13601 -2.151904
-1.403223 -2.054782 -2.680851 -0.9825592 -1.585047
-1.846151 -0.4827671 -2.353044 -1.26267 -0.5186906
-2.09109 -0.8629884 -1.424998 -1.461299 -0.9757842
-1.926711 -1.363029 -2.229432 -1.022829 -1.369838
-1.33906 -0.8576209 -1.304532 -1.785441 -2.102887
-2.004421 -1.206468 -1.940756 -1.976603 -1.376561
-2.115571 -1.855485 -1.865352 -1.057359 -1.160506
-2.881925 -1.900495 -1.562885 -2.629271 -2.306008
-2.308762 -2.105815 -0.7272867 -0.4536854 -0.4728636
-1.253226 -1.368516 -2.832323 -0.9506568 -0.3950065
-2.005689 -1.412192 -1.155726 -1.947003 -2.642526
-1.978689 -1.612512 -1.319517 -2.12399 -1.692924
-1.641536 -2.282656 -0.7919201 -1.544368 -1.003545
-1.757692 -1.231347 -0.8589964 -1.143396 -0.6012198
-1.544582 -1.364567 -0.8245346 -1.427761 -1.260744
-3.060793 -2.119015 -1.843407 -1.553603 -1.777924
-1.410154 -1.942535 -1.054791 -1.620701 -1.280583
-0.7359391 -1.689313 -2.062231 -2.738127 -1.718435
-1.602229 -1.151073 -0.4675977 -2.170562 -1.036385
-0.03610029 -1.021557 -1.302582 -1.531527 -1.37178
-1.301688 -0.8975079 -1.898861 -1.225813 -2.446817
-1.060255 -1.420739 -1.726411 -1.498123 -2.357984
-1.240226 -2.028761 -2.475786 -2.172359 -1.50639
-1.344554 -1.769552 -1.745369 -1.352333 -2.490902
-0.6457325 -1.798677 -1.485082 -2.529177 -2.371601
-2.737331 -1.5641 -1.955919 -1.294868 -1.111869
-1.683939 -1.560198 -1.997678 -1.855975 -3.036902
-1.419616 -1.457701 -1.4127 -1.988039 -1.290272
-2.217322 -1.065068 -2.210981 -2.361953 -3.287729
-1.432327 -2.1649 -1.750742 -2.323142 -2.870555
-2.641855 -1.758755 -1.77623 -1.77123 -2.135875
-2.423578 -3.042532 -2.600267 -1.78648 -2.0261
-3.512295 -1.467247 -2.291697 -1.825735 -1.074318
-1.589242 -0.2506794 -1.897962 -1.422219 -2.140787
-0.9131958 -1.264807 -1.654936 -1.583684 -1.737313
